Камкина Евгения Павловна РФ 4248357159 18 4 1988 89254345088 21 4 2022 20 5 2022 1
Рубашкин Валентин Саввеевич РФ 4548648641 9 6 1991 89208333813 29 4 2022 30 5 2022 11
Богрова Кира Федотовна РФ 4254862378 1 11 1990 89975586007 1 5 2022 13 5 2022 23
Лебединцева Ирина Сергеевна РФ 4684681359 2 2 1986 85586078923 22 4 2022 1 5 2022 5
Аксенчук Альбина Макаровна РФ 4646545612 9 10 1994 89639684578 11 5 2022 16 5 2022 32
Славский Валерий Евгеньевич РФ 2456452695 27 10 1981 89562345648 11 5 2022 17 5 2022 33
Клецка Василий Макарович РФ 4654654612 6 9 1993 88453545689 27 4 2022 2 6 2022 49
Плаксин Даниил Юрьевич РФ 4537905393 22 5 2000 89568989260 27 4 2022 7 6 2022 28 
Ткачёва Наталья Андреевна РФ 4845718800 17 10 1979 81637746259 25 4 2022 1 6 2022 29
Суркова Надежда Арсеньевна РФ 4826483276 4 1 1980 84717624515 1 5 2022 31 5 2022 3
Афанасьева Елена Валерьевна РФ 4691512223 17 5 1985 85214965776 30 4 2022 1 6 2022 17
Ясенев Павел Павлович РФ 4065555635 8 12 1990 82965475805 29 4 2022 24 5 2022 20
Селезнёва Марфа Федотовна Иностранное 160690769 4 4 1976 4796605660 10 5 2022 25 5 2022 21
Чекин Адам Игнатьевич Иностранное 102512076 27 5 1985 2128424247 11 4 2022 11 6 2022 40
Чиркин Ричард Адамович Иностранное 105054970 6 1 1976 449834078 2 5 2022 12 5 2022 26
Большова Серафима Леонидовна Иностранное 102704097 26 8 1981 391151554 10 5 2022 2 6 2022 35
Шерков Иннокентий Феодосивич Иностранное 107110710 15 4 1992 1119178390 3 5 2022 10 6 2022 18